var_name,constant_write,var_write,read
__abi_tag,0,0,0
completed.0,0,0,0
__do_global_dtor[...],0,0,0
__frame_dummy_in[...],0,0,0
crc32_tab,0,0,0
crc32_context,0,8,25
__undefined,0,0,0
g_4,1,0,31
g_18,5,4,42
g_95,0,0,49
g_94,0,0,45
g_116,1,3,21
g_280,0,0,12
g_279,0,0,1
g_278,1,1,12
g_436,1,2,0
g_460,1,0,6
g_596,0,0,2
g_602,1,1,0
g_622,0,0,0
g_768,0,1,0
__PRETTY_FUNCTION__.6,0,0,0
__PRETTY_FUNCTION__.5,0,0,0
__PRETTY_FUNCTION__.1,0,0,0
__PRETTY_FUNCTION__.4,0,0,0
__PRETTY_FUNCTION__.3,0,0,0
__PRETTY_FUNCTION__.2,0,0,0
__PRETTY_FUNCTION__.0,0,0,0
__FRAME_END__,0,0,0
_DYNAMIC,0,0,0
_GLOBAL_OFFSET_TABLE_,0,0,0
_IO_stdin_used,0,0,0
